name: compare_genomes
channels:
  - bioconda
  - conda-forge
  - defaults
dependencies:
  - _libgcc_mutex=0.1=conda_forge
  - _openmp_mutex=4.5=1_gnu
  - biopython=1.79=py38h497a2fe_0
  - blast=2.12.0=pl5262h3289130_0
  - blast-legacy=2.2.26=h9ee0642_3
  - boost=1.70.0=py38h9de70de_1
  - boost-cpp=1.70.0=h8e57a91_2
  - bzip2=1.0.8=h7f98852_4
  - c-ares=1.17.2=h7f98852_0
  - ca-certificates=2021.7.5=h06a4308_1
  - certifi=2021.5.30=py38h578d9bd_0
  - curl=7.79.1=h2574ce0_1
  - cycler=0.10.0=py_2
  - entrez-direct=15.6=he881be0_1
  - fastani=1.32=he1c1bb9_0
  - freetype=2.10.4=h0708190_1
  - icu=64.2=he1b5a44_1
  - jbig=2.1=h7f98852_2003
  - jpeg=9d=h516909a_0
  - kiwisolver=1.3.2=py38h1fd1430_0
  - krb5=1.19.2=hcc1bbae_1
  - lcms2=2.12=hddcbb42_0
  - ld_impl_linux-64=2.36.1=hea4e1c9_2
  - lerc=2.2.1=h9c3ff4c_0
  - libblas=3.9.0=11_linux64_openblas
  - libcblas=3.9.0=11_linux64_openblas
  - libcurl=7.79.1=h2574ce0_1
  - libdeflate=1.7=h7f98852_5
  - libedit=3.1.20210714=h7f8727e_0
  - libev=4.33=h516909a_1
  - libffi=3.4.2=h9c3ff4c_4
  - libgcc-ng=11.2.0=h1d223b6_8
  - libgfortran-ng=11.2.0=h69a702a_8
  - libgfortran5=11.2.0=h5c6108e_8
  - libgomp=11.2.0=h1d223b6_8
  - liblapack=3.9.0=11_linux64_openblas
  - libnghttp2=1.43.0=h812cca2_1
  - libopenblas=0.3.17=pthreads_h8fe5266_1
  - libpng=1.6.37=hed695b0_2
  - libssh2=1.10.0=ha56f1ee_2
  - libstdcxx-ng=11.2.0=he4da1e4_8
  - libtiff=4.3.0=hf544144_1
  - libwebp-base=1.2.1=h7f98852_0
  - lz4-c=1.9.3=h9c3ff4c_1
  - matplotlib-base=3.4.3=py38hf4fb855_1
  - mummer=3.23=pl5262h1b792b2_12
  - ncurses=6.2=h58526e2_4
  - numpy=1.21.2=py38he2449b9_0
  - olefile=0.46=pyh9f0ad1d_1
  - openjpeg=2.4.0=hb52868f_1
  - openssl=1.1.1l=h7f98852_0
  - pandas=1.3.3=py38h43a58ef_0
  - patsy=0.5.2=pyhd8ed1ab_0
  - pcre=8.45=h9c3ff4c_0
  - perl=5.26.2=h36c2ea0_1008
  - perl-archive-tar=2.32=pl526_0
  - perl-carp=1.38=pl526_3
  - perl-common-sense=3.74=pl526_2
  - perl-compress-raw-bzip2=2.087=pl526he1b5a44_0
  - perl-compress-raw-zlib=2.087=pl526hc9558a2_0
  - perl-exporter=5.72=pl526_1
  - perl-exporter-tiny=1.002001=pl526_0
  - perl-extutils-makemaker=7.36=pl526_1
  - perl-io-compress=2.087=pl526he1b5a44_0
  - perl-io-zlib=1.10=pl526_2
  - perl-json=4.02=pl526_0
  - perl-json-xs=2.34=pl526h6bb024c_3
  - perl-list-moreutils=0.428=pl526_1
  - perl-list-moreutils-xs=0.428=pl526_0
  - perl-pathtools=3.75=pl526h14c3975_1
  - perl-scalar-list-utils=1.52=pl526h516909a_0
  - perl-types-serialiser=1.0=pl526_2
  - perl-xsloader=0.24=pl526_0
  - pillow=8.3.2=py38h8e6f84c_0
  - pip=21.2.4=pyhd8ed1ab_0
  - pyani=0.2.11=pyhdfd78af_0
  - pyparsing=2.4.7=pyh9f0ad1d_0
  - python=3.8.12=hb7a2778_0_cpython
  - python-dateutil=2.8.2=pyhd8ed1ab_0
  - python_abi=3.8=2_cp38
  - pytz=2021.1=pyhd8ed1ab_0
  - readline=8.1=h46c0cb4_0
  - scipy=1.7.1=py38h56a6a73_0
  - seaborn=0.11.2=hd8ed1ab_0
  - seaborn-base=0.11.2=pyhd8ed1ab_0
  - setuptools=58.0.4=py38h578d9bd_2
  - six=1.16.0=pyh6c4a22f_0
  - sqlite=3.36.0=h9cd32fc_2
  - statsmodels=0.12.2=py38h6c62de6_0
  - tk=8.6.11=h27826a3_1
  - tornado=6.1=py38h497a2fe_1
  - wheel=0.37.0=pyhd8ed1ab_1
  - xz=5.2.5=h516909a_1
  - zlib=1.2.11=h516909a_1010
  - zstd=1.5.0=ha95c52a_0
prefix: /home/danielc/miniconda3/envs/compare_genomes
