name: utils
channels:
  - bioconda
  - conda-forge
  - defaults
dependencies:
  - _libgcc_mutex=0.1=conda_forge
  - _openmp_mutex=4.5=1_gnu
  - biopython=1.79=py39h3811e60_0
  - blast=2.12.0=pl5262h3289130_0
  - bzip2=1.0.8=h7f98852_4
  - c-ares=1.17.2=h7f98852_0
  - ca-certificates=2021.5.30=ha878542_0
  - curl=7.78.0=hea6ffbf_0
  - emboss=6.6.0=h440b012_4
  - entrez-direct=15.6=he881be0_0
  - expat=2.4.1=h9c3ff4c_0
  - fontconfig=2.13.1=hba837de_1005
  - freetype=2.10.4=h0708190_1
  - giflib=5.2.1=h36c2ea0_2
  - icu=68.1=h58526e2_0
  - jbig=2.1=h7f98852_2003
  - jpeg=9d=h36c2ea0_0
  - krb5=1.19.2=hcc1bbae_0
  - ld_impl_linux-64=2.36.1=hea4e1c9_2
  - lerc=2.2.1=h9c3ff4c_0
  - libblas=3.9.0=11_linux64_openblas
  - libcblas=3.9.0=11_linux64_openblas
  - libcurl=7.78.0=h2574ce0_0
  - libdeflate=1.7=h7f98852_5
  - libedit=3.1.20191231=he28a2e2_2
  - libev=4.33=h516909a_1
  - libffi=3.3=h58526e2_2
  - libgcc-ng=11.1.0=hc902ee8_8
  - libgd=2.3.2=h78a0170_0
  - libgfortran-ng=11.1.0=h69a702a_8
  - libgfortran5=11.1.0=h6c583b3_8
  - libgomp=11.1.0=hc902ee8_8
  - libiconv=1.16=h516909a_0
  - liblapack=3.9.0=11_linux64_openblas
  - libnghttp2=1.43.0=h812cca2_0
  - libopenblas=0.3.17=pthreads_h8fe5266_1
  - libpng=1.6.37=h21135ba_2
  - libssh2=1.10.0=ha56f1ee_0
  - libstdcxx-ng=11.1.0=h56837e0_8
  - libtiff=4.3.0=hf544144_1
  - libuuid=2.32.1=h7f98852_1000
  - libwebp=1.2.1=h3452ae3_0
  - libwebp-base=1.2.1=h7f98852_0
  - libxml2=2.9.12=h72842e0_0
  - lz4-c=1.9.3=h9c3ff4c_1
  - ncurses=6.2=h58526e2_4
  - numpy=1.21.2=py39hdbf815f_0
  - openssl=1.1.1l=h7f98852_0
  - pandas=1.3.2=py39hde0f152_0
  - pcre=8.45=h9c3ff4c_0
  - perl=5.26.2=h36c2ea0_1008
  - perl-archive-tar=2.32=pl526_0
  - perl-carp=1.38=pl526_3
  - perl-common-sense=3.74=pl526_2
  - perl-compress-raw-bzip2=2.087=pl526he1b5a44_0
  - perl-compress-raw-zlib=2.087=pl526hc9558a2_0
  - perl-exporter=5.72=pl526_1
  - perl-exporter-tiny=1.002001=pl526_0
  - perl-extutils-makemaker=7.36=pl526_1
  - perl-io-compress=2.087=pl526he1b5a44_0
  - perl-io-zlib=1.10=pl526_2
  - perl-json=4.02=pl526_0
  - perl-json-xs=2.34=pl526h6bb024c_3
  - perl-list-moreutils=0.428=pl526_1
  - perl-list-moreutils-xs=0.428=pl526_0
  - perl-pathtools=3.75=pl526h14c3975_1
  - perl-scalar-list-utils=1.52=pl526h516909a_0
  - perl-types-serialiser=1.0=pl526_2
  - perl-xsloader=0.24=pl526_0
  - pip=21.2.4=pyhd8ed1ab_0
  - python=3.9.7=h49503c6_0_cpython
  - python-dateutil=2.8.2=pyhd8ed1ab_0
  - python_abi=3.9=2_cp39
  - pytz=2021.1=pyhd8ed1ab_0
  - readline=8.1=h46c0cb4_0
  - setuptools=58.0.3=py39hf3d152e_0
  - six=1.16.0=pyh6c4a22f_0
  - sqlite=3.36.0=h9cd32fc_0
  - tk=8.6.11=h27826a3_1
  - tzdata=2021a=he74cb21_1
  - wheel=0.37.0=pyhd8ed1ab_1
  - xz=5.2.5=h516909a_1
  - zlib=1.2.11=h516909a_1010
  - zstd=1.5.0=ha95c52a_0
prefix: /home/dani/miniconda3/envs/utils
