name: utils
channels:
  - bioconda
  - conda-forge
  - defaults
dependencies:
  - _libgcc_mutex=0.1=conda_forge
  - _openmp_mutex=4.5=1_gnu
  - biopython=1.79=py39h3811e60_0
  - blast=2.12.0=pl5262h3289130_0
  - bzip2=1.0.8=h7f98852_4
  - c-ares=1.17.2=h7f98852_0
  - ca-certificates=2021.10.8=ha878542_0
  - curl=7.79.1=h494985f_1
  - emboss=6.6.0=h440b012_4
  - entrez-direct=15.6=he881be0_1
  - expat=2.4.1=h9c3ff4c_0
  - font-ttf-dejavu-sans-mono=2.37=hab24e00_0
  - font-ttf-inconsolata=3.000=h77eed37_0
  - font-ttf-source-code-pro=2.038=h77eed37_0
  - font-ttf-ubuntu=0.83=hab24e00_0
  - fontconfig=2.13.1=hba837de_1005
  - fonts-conda-ecosystem=1=0
  - fonts-conda-forge=1=0
  - freetype=2.10.4=h0708190_1
  - giflib=5.2.1=h516909a_2
  - hmmer=3.3.2=h1b792b2_1
  - icu=68.1=h58526e2_0
  - jbig=2.1=h7f98852_2003
  - jpeg=9d=h516909a_0
  - krb5=1.19.2=h48eae69_2
  - ld_impl_linux-64=2.36.1=hea4e1c9_2
  - lerc=3.0=h9c3ff4c_0
  - libblas=3.9.0=12_linux64_openblas
  - libcblas=3.9.0=12_linux64_openblas
  - libcurl=7.79.1=h494985f_1
  - libdeflate=1.8=h7f98852_0
  - libedit=3.1.20210714=h7f8727e_0
  - libev=4.33=h516909a_1
  - libffi=3.4.2=h9c3ff4c_4
  - libgcc-ng=11.2.0=h1d223b6_11
  - libgd=2.3.3=h6ad9fb6_0
  - libgfortran-ng=11.2.0=h69a702a_11
  - libgfortran5=11.2.0=h5c6108e_11
  - libgomp=11.2.0=h1d223b6_11
  - libiconv=1.16=h516909a_0
  - liblapack=3.9.0=12_linux64_openblas
  - libnghttp2=1.43.0=ha19adfc_1
  - libopenblas=0.3.18=pthreads_h8fe5266_0
  - libpng=1.6.37=hed695b0_2
  - libssh2=1.10.0=ha35d2d1_2
  - libstdcxx-ng=11.2.0=he4da1e4_11
  - libtiff=4.3.0=h6f004c6_2
  - libuuid=2.32.1=h14c3975_1000
  - libwebp=1.2.1=h3452ae3_0
  - libwebp-base=1.2.1=h7f98852_0
  - libxml2=2.9.12=h72842e0_0
  - libzlib=1.2.11=h36c2ea0_1013
  - lz4-c=1.9.3=h9c3ff4c_1
  - ncurses=6.2=h58526e2_4
  - numpy=1.21.3=py39hdbf815f_0
  - openssl=3.0.0=h7f98852_1
  - pandas=1.3.4=py39hde0f152_0
  - pcre=8.45=h9c3ff4c_0
  - perl=5.26.2=h36c2ea0_1008
  - perl-archive-tar=2.32=pl526_0
  - perl-carp=1.38=pl526_3
  - perl-common-sense=3.74=pl526_2
  - perl-compress-raw-bzip2=2.087=pl526he1b5a44_0
  - perl-compress-raw-zlib=2.087=pl526hc9558a2_0
  - perl-exporter=5.72=pl526_1
  - perl-exporter-tiny=1.002001=pl526_0
  - perl-extutils-makemaker=7.36=pl526_1
  - perl-io-compress=2.087=pl526he1b5a44_0
  - perl-io-zlib=1.10=pl526_2
  - perl-json=4.02=pl526_0
  - perl-json-xs=2.34=pl526h6bb024c_3
  - perl-list-moreutils=0.428=pl526_1
  - perl-list-moreutils-xs=0.428=pl526_0
  - perl-pathtools=3.75=pl526h14c3975_1
  - perl-scalar-list-utils=1.52=pl526h516909a_0
  - perl-types-serialiser=1.0=pl526_2
  - perl-xsloader=0.24=pl526_0
  - pip=21.3.1=pyhd8ed1ab_0
  - python=3.9.7=hf930737_3_cpython
  - python-dateutil=2.8.2=pyhd8ed1ab_0
  - python_abi=3.9=2_cp39
  - pytz=2021.3=pyhd8ed1ab_0
  - readline=8.1=h46c0cb4_0
  - setuptools=58.2.0=py39hf3d152e_0
  - six=1.16.0=pyh6c4a22f_0
  - sqlite=3.36.0=h9cd32fc_2
  - tk=8.6.11=h27826a3_1
  - tzdata=2021e=he74cb21_0
  - wheel=0.37.0=pyhd8ed1ab_1
  - xz=5.2.5=h516909a_1
  - zlib=1.2.11=h36c2ea0_1013
  - zstd=1.5.0=ha95c52a_0
